
Test file 9:
anzahl_array = [31, 61, 91, 121, 151, 181, 211, 241, 271, 301]
moves_array = [1374, 1143, 1078, 1065, 1067, 1065, 1064, 1063, 1063, 1063]
iterations_array = [1374, 9022, 17897, 24294, 29961, 34385, 38171, 41716, 45394, 51316]

Bei 1 angefangen:
[1, 11, 21, 31, 41, 51, 61, 71, 81, 91, 121, 151, 181, 211, 241, 271, 301]
[1374, 1124, 1144, 1143, 1083, 1083, 1078, 1068, 1074, 1065, 1067, 1065, 1064, 1063, 1063, 1063, 1063]
[1374, 4090, 6946, 9022, 15301, 17392, 17897, 20810, 24531, 24294, 29961, 34385, 38171, 41716, 45394, 51316, 57570]



Test file 8:
anzahl_array = [1, 2, 3, 4, 5, 6, 7, 10, 15, 20, 25,30, 35,40, 45, 50, 55, 65, 70, 75, 80, 85, 90, 95, 100]
moves_array = [5930, 3647, 2914, 2929, 4126, 2738, 2841, 2733, 2566, 2574, 2641, 2146, 2127, 2296, 2271, 2350, 2151, 2125, 2187, 2034, 2204, 2037, 2218, 2153, 2098]
iterations_array = [5930, 5792, 6423, 9611, 10815, 13065, 15546, 21176, 30359, 39217, 50845, 51589, 57383, 71794, 81137, 95203, 87549, 103736, 122761, 117867, 139066, 126027, 156986, 151542, 155364]


Test file 3:
[1, 31, 61, 91, 121, 151, 181, 211, 241, 271]
[200, 168, 167, 167, 167, 167, 167, 167, 167, 167]
[200, 841, 1215, 1691, 2038, 2150, 2241, 2306, 2352, 2378]

Test file 4:
[1, 2, 3, 4, 5, 6, 7, 10, 15, 20, 30, 40, 50, 60, 100]
[19912, 16517, 16290, 15743, 15646, 15716, 15538, 15440, 15359, 15288, 15258, 15104, 15002, 15017, 14872]
[19912, 23673, 28579, 31526, 34801, 37340, 41943, 52652, 67819, 80367, 108535, 131407, 135790, 137445, 197173]